4.100000
1846.699951
633.400024
2650.000000
1916.900024
1572.400024
1147.800049
2935.800049
2696.199951
2446.399902
570.500000
2814.500000
2328.100098
1682.699951
996.099976
49.099998
299.500000
1194.199951
482.700012
543.599976
3239.100098
1460.400024
390.200012
15.300000
29.200001
1238.199951
1742.099976
1871.599976
1971.800049
1989.500000
544.700012
2172.600098
1477.099976
1153.800049
186.899994
1991.199951
2566.699951
2629.899902
1703.500000
989.400024
2870.300049
2381.100098
3132.199951
3033.300049
1767.300049
466.399994
1514.099976
771.099976
2825.300049
686.799988
2554.699951
2764.399902
3266.199951
3275.699951
2003.699951
1285.900024
872.299988
974.099976
2752.899902
77.800003
1231.599976
303.500000
2219.000000
184.199997
28.799999
3010.600098
904.000000
894.200012
1926.400024
2264.800049
2744.600098
2380.500000
1589.000000
672.900024
2437.000000
1535.000000
1500.599976
3110.100098
2439.300049
354.799988
1962.900024
1262.300049
2408.399902
1995.400024
1875.599976
1184.000000
496.600006
737.599976
1393.099976
2630.800049
1694.400024
3243.899902
2462.600098
1132.300049
553.700012
2153.800049
1611.800049
208.199997
2292.899902
1654.099976
